best_test_f1:0.915115182290258, best_test_auc:0.9713480140530262
best_test_f1:0.915115182290258, best_test_auc:0.9713480140530262
best_test_f1:0.915115182290258, best_test_auc:0.9713480140530262
